9.997241	10.061330
9.997241	10.061330
9.997241	10.061330
9.997241	10.061330
9.997241	10.061330
9.997241	10.061330
9.997241	10.061330
9.997241	10.061330
9.997241	10.061330
9.997241	10.061330
9.997241	10.061330
9.997241	10.061330
9.997241	10.061330
9.997241	10.061330
9.997241	10.061330
9.997241	10.061330
9.997241	10.061330
9.997241	10.061330
9.997241	10.061330
9.997241	10.061330
9.997241	10.061330
9.997241	10.061330
9.997241	10.061330
9.997241	10.061330
9.997241	10.061330
9.997241	10.061330
9.997241	10.061330
9.997241	10.061330
9.997241	10.061330
9.997241	10.061330
9.997241	10.061330
9.997241	10.061330
9.997241	10.061330
9.997241	10.061330
9.997241	10.061330
9.997241	10.061330
9.997241	10.061330
9.997241	10.061330
9.997241	10.061330
9.997241	10.061330
12.061099	9.974663
12.061099	9.974663
12.061099	9.974663
12.061099	9.974663
12.061099	9.974663
12.061099	9.974663
12.061099	9.974663
12.061099	9.974663
12.061099	9.974663
12.061099	9.974663
12.061099	9.974663
12.061099	9.974663
12.061099	9.974663
12.061099	9.974663
12.061099	9.974663
12.061099	9.974663
12.061099	9.974663
12.061099	9.974663
12.061099	9.974663
12.061099	9.974663
12.061099	9.974663
12.061099	9.974663
12.061099	9.974663
12.061099	9.974663
12.061099	9.974663
12.061099	9.974663
12.061099	9.974663
12.061099	9.974663
12.061099	9.974663
12.061099	9.974663
12.061099	9.974663
12.061099	9.974663
12.061099	9.974663
12.061099	9.974663
12.061099	9.974663
12.061099	9.974663
12.061099	9.974663
12.061099	9.974663
12.061099	9.974663
12.061099	9.974663
11.195283	11.600287
11.195283	11.600287
11.195283	11.600287
11.195283	11.600287
11.195283	11.600287
11.195283	11.600287
11.195283	11.600287
11.195283	11.600287
11.195283	11.600287
11.195283	11.600287
11.195283	11.600287
11.195283	11.600287
11.195283	11.600287
11.195283	11.600287
11.195283	11.600287
11.195283	11.600287
11.195283	11.600287
11.195283	11.600287
11.195283	11.600287
11.195283	11.600287
11.195283	11.600287
11.195283	11.600287
11.195283	11.600287
11.195283	11.600287
11.195283	11.600287
11.195283	11.600287
11.195283	11.600287
11.195283	11.600287
11.195283	11.600287
11.195283	11.600287
11.195283	11.600287
11.195283	11.600287
11.195283	11.600287
11.195283	11.600287
11.195283	11.600287
11.195283	11.600287
11.195283	11.600287
11.195283	11.600287
11.195283	11.600287
11.195283	11.600287
9.582054	11.870946
9.582054	11.870946
9.582054	11.870946
9.582054	11.870946
9.582054	11.870946
9.582054	11.870946
9.582054	11.870946
11.195283	11.600287
9.582054	11.870946
9.582054	11.870946
9.582054	11.870946
9.582054	11.870946
9.582054	11.870946
9.582054	11.870946
9.582054	11.870946
9.582054	11.870946
9.582054	11.870946
9.582054	11.870946
9.582054	11.870946
9.582054	11.870946
9.582054	11.870946
9.582054	11.870946
9.582054	11.870946
9.582054	11.870946
9.582054	11.870946
9.582054	11.870946
9.582054	11.870946
9.582054	11.870946
9.582054	11.870946
9.582054	11.870946
9.582054	11.870946
9.582054	11.870946
9.582054	11.870946
9.582054	11.870946
9.582054	11.870946
9.582054	11.870946
9.582054	11.870946
9.582054	11.870946
9.582054	11.870946
11.195282	11.600287
8.139517	10.839048
8.139517	10.839048
8.139517	10.839048
8.139517	10.839048
8.139517	10.839048
8.139517	10.839048
8.139517	10.839048
8.139517	10.839048
8.139517	10.839048
8.139517	10.839048
8.139517	10.839048
8.139517	10.839048
8.139517	10.839048
8.139517	10.839048
8.139517	10.839048
8.139517	10.839048
8.139517	10.839048
8.139517	10.839048
8.139517	10.839048
8.139517	10.839048
8.139517	10.839048
8.139517	10.839048
8.139517	10.839048
8.139517	10.839048
8.139517	10.839048
8.139517	10.839048
8.139517	10.839048
8.139517	10.839048
8.139517	10.839048
8.139517	10.839048
8.139517	10.839048
8.139517	10.839048
8.139517	10.839048
8.139517	10.839048
8.139517	10.839048
8.139517	10.839048
8.139517	10.839048
8.139517	10.839048
8.139517	10.839048
8.139517	10.839048
8.095713	9.060018
8.095713	9.060018
8.095713	9.060018
8.095713	9.060018
8.095713	9.060018
8.095713	9.060018
8.095713	9.060018
8.095713	9.060018
8.095713	9.060018
8.095713	9.060018
8.095713	9.060018
8.095713	9.060018
8.095713	9.060018
8.095713	9.060018
8.095713	9.060018
8.095713	9.060018
8.095713	9.060018
8.095713	9.060018
8.095713	9.060018
8.095713	9.060018
8.095713	9.060018
8.095713	9.060018
8.095713	9.060018
8.095713	9.060018
8.095713	9.060018
8.095713	9.060018
8.095713	9.060018
8.095713	9.060018
8.095713	9.060018
8.095713	9.060018
8.095713	9.060018
8.095713	9.060018
8.095713	9.060018
8.095713	9.060018
8.095713	9.060018
8.095713	9.060018
8.095713	9.060018
8.095713	9.060018
8.095713	9.060018
8.095713	9.060018
9.472578	7.983348
9.472578	7.983348
9.472578	7.983348
9.472578	7.983348
9.472578	7.983348
8.095713	9.060018
9.472578	7.983348
9.472578	7.983348
9.472578	7.983348
9.472578	7.983348
9.472578	7.983348
9.472578	7.983348
9.472578	7.983348
9.472578	7.983348
9.472578	7.983348
9.472578	7.983348
9.472578	7.983348
9.472578	7.983348
9.472578	7.983348
9.472578	7.983348
9.472578	7.983348
9.472578	7.983348
9.472578	7.983348
9.472578	7.983348
9.472578	7.983348
9.472578	7.983348
9.472578	7.983348
9.472578	7.983348
9.472578	7.983348
9.472578	7.983348
9.472578	7.983348
9.472578	7.983348
9.472578	7.983348
9.472578	7.983348
9.472578	7.983348
9.472578	7.983348
9.472578	7.983348
9.472578	7.983348
9.472578	7.983348
9.472578	7.983348
11.256512	8.399777
11.256512	8.399777
11.256512	8.399777
11.256512	8.399777
11.256512	8.399777
11.256512	8.399777
11.256512	8.399777
11.256512	8.399777
11.256512	8.399777
11.256512	8.399777
11.256512	8.399777
11.256512	8.399777
11.256512	8.399777
11.256512	8.399777
11.256512	8.399777
11.256512	8.399777
11.256512	8.399777
11.256512	8.399777
11.256512	8.399777
11.256512	8.399777
11.256512	8.399777
11.256512	8.399777
11.256512	8.399777
11.256512	8.399777
11.256512	8.399777
11.256512	8.399777
11.256512	8.399777
11.256512	8.399777
11.256512	8.399777
11.256512	8.399777
11.256512	8.399777
11.256512	8.399777
11.256512	8.399777
11.256512	8.399777
11.256512	8.399777
11.256512	8.399777
11.256512	8.399777
11.256512	8.399777
11.256512	8.399777
11.256512	8.399777
16.390034	9.924501
16.390034	9.924501
16.390034	9.924501
16.390034	9.924501
16.390034	9.924501
16.390034	9.924501
16.390034	9.924501
16.390034	9.924501
16.390034	9.924501
16.390034	9.924501
16.390034	9.924501
16.390034	9.924501
16.390034	9.924501
16.390034	9.924501
16.390034	9.924501
16.390034	9.924501
16.390034	9.924501
16.390034	9.924501
16.390034	9.924501
16.390034	9.924501
16.390034	9.924501
16.390034	9.924501
16.390034	9.924501
16.390034	9.924501
16.390034	9.924501
16.390034	9.924501
16.390034	9.924501
16.390034	9.924501
16.390034	9.924501
16.390034	9.924501
16.390034	9.924501
16.390034	9.924501
16.390034	9.924501
16.390034	9.924501
16.390034	9.924501
16.390034	9.924501
16.390034	9.924501
16.390034	9.924501
16.390034	9.924501
16.390034	9.924501
13.953094	14.948107
13.953094	14.948107
13.953094	14.948107
13.953094	14.948107
13.953094	14.948107
13.953094	14.948107
13.953094	14.948107
13.953094	14.948107
13.953094	14.948107
13.953094	14.948107
13.953094	14.948107
13.953094	14.948107
13.953094	14.948107
13.953094	14.948107
13.953094	14.948107
13.953094	14.948107
13.953094	14.948107
13.953094	14.948107
13.953094	14.948107
13.953094	14.948107
13.953094	14.948107
13.953094	14.948107
13.953094	14.948107
13.953094	14.948107
13.953094	14.948107
13.953094	14.948107
13.953094	14.948107
13.953094	14.948107
13.953094	14.948107
13.953094	14.948107
13.953094	14.948107
13.953094	14.948107
13.953094	14.948107
13.953094	14.948107
13.953094	14.948107
13.953094	14.948107
13.953094	14.948107
13.953094	14.948107
13.953094	14.948107
13.953094	14.948107
8.629996	16.266377
8.629996	16.266377
8.629996	16.266377
8.629996	16.266377
8.629996	16.266377
8.629996	16.266377
8.629996	16.266377
8.629996	16.266377
8.629996	16.266377
8.629996	16.266377
8.629996	16.266377
8.629996	16.266377
8.629996	16.266377
8.629996	16.266377
8.629996	16.266377
8.629996	16.266377
8.629996	16.266377
8.629996	16.266377
8.629996	16.266377
8.629996	16.266377
8.629996	16.266377
8.629996	16.266377
8.629996	16.266377
8.629996	16.266377
8.629996	16.266377
8.629996	16.266377
8.629996	16.266377
8.629996	16.266377
8.629996	16.266377
8.629996	16.266377
8.629996	16.266377
8.629996	16.266377
8.629996	16.266377
8.629996	16.266377
8.629996	16.266377
8.629996	16.266377
8.629996	16.266377
8.629996	16.266377
8.629996	16.266377
8.629996	16.266377
4.223719	12.796310
4.223719	12.796310
4.223719	12.796310
4.223719	12.796310
4.223719	12.796310
4.223719	12.796310
4.223719	12.796310
4.223719	12.796310
4.223719	12.796310
4.223719	12.796310
4.223719	12.796310
4.223719	12.796310
4.223719	12.796310
4.223719	12.796310
4.223719	12.796310
4.223719	12.796310
4.223719	12.796310
4.223719	12.796310
4.223719	12.796310
4.223719	12.796310
4.223719	12.796310
4.223719	12.796310
4.223719	12.796310
4.223719	12.796310
4.223719	12.796310
4.223719	12.796310
4.223719	12.796310
4.223719	12.796310
4.223719	12.796310
4.223719	12.796310
4.223719	12.796310
4.223719	12.796310
4.223719	12.796310
4.223719	12.796310
4.223719	12.796310
4.223719	12.796310
4.223719	12.796310
4.223719	12.796310
4.223719	12.796310
4.223719	12.796310
4.219456	7.117046
4.219456	7.117046
4.219456	7.117046
4.219456	7.117046
4.219456	7.117046
4.219456	7.117046
4.219456	7.117046
4.219456	7.117046
4.219456	7.117046
4.219456	7.117046
4.219456	7.117046
4.219456	7.117046
4.219456	7.117046
4.219456	7.117046
4.219456	7.117046
4.219456	7.117046
4.219456	7.117046
4.219456	7.117046
4.219456	7.117046
4.219456	7.117046
4.219456	7.117046
4.219456	7.117046
4.219456	7.117046
4.219456	7.117046
4.219456	7.117046
4.219456	7.117046
4.219456	7.117046
4.219456	7.117046
4.219456	7.117046
4.219456	7.117046
4.219456	7.117046
4.219456	7.117046
4.219456	7.117046
4.219456	7.117046
4.219456	7.117046
4.219456	7.117046
4.219456	7.117046
4.219456	7.117046
4.219456	7.117046
4.219456	7.117046
8.623899	3.745789
8.623899	3.745789
8.623899	3.745789
8.623899	3.745789
8.623899	3.745789
8.623899	3.745789
8.623899	3.745789
8.623899	3.745789
8.623899	3.745789
8.623899	3.745789
8.623899	3.745789
8.623899	3.745789
8.623899	3.745789
8.623899	3.745789
8.623899	3.745789
8.623899	3.745789
8.623899	3.745789
8.623899	3.745789
8.623899	3.745789
8.623899	3.745789
8.623899	3.745789
8.623899	3.745789
8.623899	3.745789
8.623899	3.745789
8.623899	3.745789
8.623899	3.745789
8.623899	3.745789
8.623899	3.745789
8.623899	3.745789
8.623899	3.745789
8.623899	3.745789
8.623899	3.745789
8.623899	3.745789
8.623899	3.745789
8.623899	3.745789
8.623899	3.745789
8.623899	3.745789
8.623899	3.745789
8.623899	3.745789
8.623899	3.745789
14.084450	5.023392
14.084450	5.023392
14.084450	5.023392
14.084450	5.023392
14.084450	5.023392
14.084450	5.023392
14.084450	5.023392
14.084450	5.023392
14.084450	5.023392
14.084450	5.023392
14.084450	5.023392
14.084450	5.023392
14.084450	5.023392
14.084450	5.023392
14.084450	5.023392
14.084450	5.023392
14.084450	5.023392
14.084450	5.023392
14.084450	5.023392
14.084450	5.023392
14.084450	5.023392
14.084450	5.023392
14.084450	5.023392
14.084450	5.023392
14.084450	5.023392
14.084450	5.023392
14.084450	5.023392
14.084450	5.023392
14.084450	5.023392
14.084450	5.023392
14.084450	5.023392
14.084450	5.023392
14.084450	5.023392
14.084450	5.023392
14.084450	5.023392
14.084450	5.023392
14.084450	5.023392
14.084450	5.023392
14.084450	5.023392
14.084450	5.023392
